95013123
99405681
110023007
110997060
108865975
106075848
112446066
44750441
108825730
112396367
113376105
332409
98226142
8264
68307507
113670923
48980
113537641
95825374
80668694
78143942
97020686
112877542
40039512
87597410
38275529
106329300
103780269
105527121
112793852
102618302
47223353
106432595
103141476
108229930
64931736
108229929
45144502
50856229
97013800
81275802
42764778
95580469
103888612
109252956
105535113
87280508
112040157
109649573
103861606
92003233
109298672
110629161
85358942
110919981
89737883
111130791
108934583
110889202
83641874
109450657
78210025
110894818
42134175
71857798
58698455
99583069
107670064
61565558
109806001
84010387
73464411
110150445
106075844
52974555
38248165
57799893
58186501
104739344
106948137
109718712
109732907
81678990
78617489
108463314
107951067
106338495
108663725
68242587
108080124
106079953
68631819
68681595
60595390
107268816
46356244
74707675
94130071
105626308
82766830
104600754
106648891
89836653
73307593
789014
81355238
98548516
65381013
75294412
102905010
77381490
70106562
65730457
106132227
70694030
65082759
88374986
93480503
101371514
37437042
95307515
26707633
80717080
79862048
60174693
101096816
90741664
69331814
71954011
68739245
89836517
87653668
99198269
83040467
58865331
79866920
95981460
82036283
